10000
138
967
850
373
921
19
640
307
594
950
341
298
473
957
966
170
238
870
910
34
535
518
320
168
135
118
794
250
323
815
668
533
958
532
899
574
543
771
77
265
906
896
302
730
597
107
952
989
676
298
201
545
850
622
563
476
360
256
460
332
609
255
430
182
771
524
542
817
141
511
947
498
112
617
707
766
284
405
667
683
241
357
396
264
576
196
760
918
123
873
586
237
497
650
899
650
897
526
892
887
857
894
486
418
980
105
158
411
937
887
884
453
685
474
742
252
24
739
577
963
936
733
312
381
224
44
604
664
929
831
501
585
306
680
972
955
935
10
781
74
283
281
438
787
492
391
634
59
177
442
256
856
400
627
45
680
320
541
605
728
995
638
707
690
467
740
413
551
213
963
527
246
390
414
321
825
204
410
605
215
696
451
539
25
791
608
202
644
30
122
504
64
970
402
678
386
548
802
153
32
273
922
376
688
237
696
944
671
149
172
125
696
545
230
695
257
117
665
647
236
956
517
999
856
132
560
892
398
851
949
620
198
976
756
789
57
672
165
723
600
406
593
427
704
816
778
29
802
683
474
469
273
795
740
268
203
1
468
897
382
333
723
608
376
297
251
379
117
418
384
164
357
71
358
309
671
867
399
722
550
360
309
353
274
866
397
292
672
734
463
500
202
428
101
648
975
34
406
159
560
225
255
342
356
16
569
408
627
138
559
938
526
570
562
944
317
108
610
72
693
334
628
439
563
125
16
487
637
260
258
887
181
946
124
982
195
395
301
66
26
681
469
903
564
427
999
183
997
517
520
487
441
843
115
536
302
517
135
817
690
2
544
477
692
106
834
258
834
929
641
230
155
852
548
766
571
514
981
732
543
444
941
936
577
278
770
268
213
543
824
667
551
190
335
482
267
541
313
173
919
966
585
55
762
192
17
681
270
709
443
601
363
90
965
518
829
969
312
546
881
237
987
85
34
260
577
500
209
18
330
626
329
272
443
818
734
161
927
265
293
699
657
964
189
317
329
390
859
171
349
412
960
116
647
781
22
486
625
751
729
391
689
455
863
503
312
26
491
168
60
297
833
848
751
532
459
219
750
250
406
758
857
753
451
62
221
389
252
485
268
602
859
889
679
366
92
927
151
992
910
163
214
802
362
605
799
1000
826
764
271
903
345
437
935
808
624
282
85
842
427
743
494
729
54
769
909
379
520
827
264
127
389
255
217
467
181
659
706
573
602
381
801
471
504
197
25
552
250
802
475
327
295
598
345
320
249
748
543
666
32
65
944
428
277
175
932
648
40
793
981
511
483
605
446
543
157
906
251
229
578
564
829
638
771
374
600
421
799
189
770
197
243
325
622
267
359
304
610
354
296
243
815
619
729
537
577
167
749
555
683
87
926
419
2
43
515
992
128
581
495
362
94
77
822
601
922
881
366
823
122
657
760
978
779
768
465
711
419
795
927
826
940
557
460
525
741
556
771
1
681
738
388
934
775
292
661
9
477
627
830
421
338
570
332
459
705
830
688
955
377
22
439
119
297
152
238
581
267
999
560
298
205
996
24
308
50
192
257
959
279
426
813
521
895
477
198
671
237
985
462
437
250
416
605
702
175
937
872
803
37
911
853
865
157
537
219
838
218
263
712
35
547
439
468
303
614
614
722
359
717
409
439
722
737
89
161
886
115
431
806
37
679
68
824
966
325
941
61
42
517
160
107
341
854
418
487
549
941
986
736
120
266
682
228
573
21
985
78
620
684
598
510
314
891
792
711
510
809
144
878
459
142
312
365
920
616
430
801
852
23
461
622
508
141
331
648
502
132
373
291
769
944
570
618
405
707
156
190
992
507
873
339
520
82
9
683
844
401
811
380
752
946
336
16
906
450
157
697
229
329
768
411
339
462
552
401
935
764
943
595
29
557
32
349
983
941
903
156
949
838
58
104
599
697
544
122
770
453
198
237
724
706
757
733
911
591
853
693
425
26
623
854
692
648
936
503
598
863
869
219
293
946
903
225
617
63
574
839
66
168
843
422
93
634
618
363
664
344
658
475
590
379
772
174
665
766
158
627
100
935
85
180
659
385
768
330
487
129
673
88
227
796
732
20
395
296
968
443
614
396
382
974
698
422
52
797
704
406
165
865
709
127
807
148
811
939
786
605
866
912
787
454
400
330
179
982
55
847
758
839
61
756
241
148
335
658
675
575
757
34
810
959
660
34
174
57
713
219
44
284
325
747
842
297
310
195
89
763
465
353
517
102
784
375
454
340
464
873
636
155
730
95
640
236
500
246
997
855
171
467
655
676
154
735
680
783
22
985
298
253
34
640
967
998
114
747
756
793
633
286
619
156
457
243
982
857
821
45
378
894
334
350
371
318
838
664
76
422
905
452
236
168
334
152
73
999
561
457
714
147
937
761
744
868
164
543
691
688
353
552
688
305
548
7
888
282
883
942
250
25
792
934
746
526
694
116
545
864
276
284
936
217
987
151
658
105
412
464
701
32
381
647
565
957
732
464
570
686
924
859
842
425
87
92
146
878
707
209
411
421
177
755
530
732
61
491
436
653
412
530
926
369
209
651
288
550
736
573
354
738
238
492
436
531
180
901
304
710
879
244
319
794
801
643
472
300
871
734
659
491
822
171
265
161
336
246
854
872
196
922
434
759
76
808
60
779
714
626
540
928
282
829
429
512
702
946
958
428
69
100
668
105
608
983
173
25
673
566
594
703
195
850
258
139
9
16
691
968
304
363
523
69
917
858
146
311
739
768
927
332
142
592
53
590
113
977
741
608
36
448
628
959
555
761
455
810
180
397
316
986
619
907
241
980
671
266
541
357
221
68
267
349
430
461
667
893
485
837
883
464
423
157
690
908
400
493
733
438
996
199
293
360
776
51
359
260
822
649
811
606
438
921
260
81
826
148
535
935
928
79
244
448
450
654
915
946
549
170
126
628
333
609
650
274
439
308
614
126
353
579
803
188
0
714
197
214
168
60
512
124
100
832
298
410
676
185
586
931
173
492
937
39
453
295
264
623
166
916
678
29
978
620
885
912
259
415
73
955
563
1
283
1000
736
715
689
703
614
592
958
996
424
994
562
66
59
964
553
627
6
830
350
127
217
576
769
909
154
562
931
303
55
771
537
89
455
57
585
529
518
926
819
454
985
74
334
64
868
539
627
663
462
114
636
206
488
250
75
262
730
705
302
488
72
827
21
330
950
679
92
336
526
219
243
963
316
471
771
288
173
367
993
727
592
888
772
986
1
326
170
825
937
880
256
372
113
156
175
354
162
443
378
366
910
464
299
433
613
607
70
224
911
514
267
806
900
389
626
234
29
38
832
147
307
451
820
708
838
656
975
648
275
653
689
716
148
572
448
57
391
59
108
943
886
931
873
203
167
833
598
100
199
113
117
629
70
654
573
278
278
105
707
790
25
994
594
867
425
263
520
757
590
48
10
982
845
861
880
255
950
504
632
145
568
551
278
116
62
734
898
610
57
59
308
698
881
971
901
400
567
590
67
950
961
856
434
145
145
80
862
148
830
975
956
336
710
785
674
402
590
924
948
204
44
894
408
308
407
119
621
257
292
171
799
802
873
936
452
341
365
716
584
508
384
970
762
729
517
631
892
581
860
965
287
328
617
295
910
861
723
821
558
587
901
574
443
455
492
212
202
628
735
925
658
821
574
189
510
732
334
345
646
650
133
370
285
561
342
948
844
864
597
654
197
431
861
226
785
188
870
260
790
621
995
704
321
863
918
810
615
489
189
92
199
861
465
821
50
903
863
750
775
250
992
806
810
582
332
757
975
244
101
283
914
495
809
41
815
727
130
902
521
179
562
902
199
922
935
86
231
214
260
710
667
76
279
841
596
971
365
222
923
753
374
318
286
624
70
594
837
891
812
656
840
268
937
482
629
408
800
195
955
524
61
538
275
632
793
46
94
22
21
872
751
248
118
513
269
538
342
416
686
467
359
366
387
825
810
128
79
287
422
568
207
12
464
230
231
886
117
27
836
191
151
50
772
223
178
131
694
727
811
335
899
564
369
338
510
879
749
458
901
83
131
144
27
92
797
700
978
157
981
136
193
934
223
187
711
558
91
443
804
108
727
453
554
656
537
474
169
656
683
165
288
297
677
293
990
922
253
581
496
249
379
376
278
184
778
981
171
118
470
896
633
792
194
599
925
805
197
607
548
528
674
623
173
261
970
81
795
805
320
623
437
98
724
825
995
354
543
755
636
103
710
684
144
615
588
990
673
143
600
334
908
138
464
566
410
462
85
996
940
100
259
747
945
32
234
514
299
541
624
270
113
312
867
242
13
693
33
254
559
348
45
292
991
536
379
450
71
243
517
12
570
974
672
990
232
759
135
494
59
118
969
296
606
166
725
704
913
652
46
588
88
77
437
47
536
516
493
946
951
534
380
455
505
747
716
675
717
814
607
325
889
845
457
754
744
882
572
142
993
337
530
621
283
464
329
719
697
212
182
198
722
180
152
119
66
657
13
910
125
314
893
942
884
706
857
927
235
202
837
360
715
224
368
409
166
756
726
503
519
775
482
819
335
809
802
414
157
43
680
517
600
799
862
904
226
523
13
676
318
360
995
44
356
754
14
950
484
832
43
726
4
578
17
910
339
753
615
273
894
569
998
505
534
905
0
703
619
679
148
806
445
81
234
679
214
78
258
191
519
521
111
92
382
961
610
53
312
105
150
164
237
254
66
460
919
806
866
417
400
47
699
703
909
747
780
586
50
629
244
801
389
35
184
396
871
255
930
654
948
13
710
17
247
25
725
396
607
22
189
493
98
406
175
799
765
907
405
901
655
180
501
320
239
224
356
697
438
8
435
251
435
592
869
617
247
724
300
679
248
849
762
8
801
685
570
378
999
613
901
756
329
306
582
601
35
414
511
221
897
88
767
518
290
862
957
377
369
152
162
647
706
963
417
891
192
691
690
212
798
92
485
687
21
758
761
310
806
253
687
84
679
445
500
214
865
962
933
919
152
982
219
565
795
319
917
749
151
453
744
592
96
374
715
230
746
646
916
268
377
784
662
962
875
584
492
238
914
402
641
155
318
411
668
449
340
529
448
622
637
537
726
450
336
320
520
310
348
70
837
239
320
235
235
716
360
539
14
753
495
742
189
584
829
829
269
465
27
366
51
964
725
713
486
693
616
205
245
56
903
61
790
99
399
103
491
273
589
998
574
650
913
862
57
776
929
257
197
384
32
585
369
200
205
403
471
425
153
524
610
507
399
297
209
478
929
926
226
62
991
404
911
37
568
661
771
419
886
621
652
519
689
305
1
95
685
840
547
598
880
917
628
624
412
921
191
94
90
466
483
645
449
276
880
280
286
635
573
806
271
756
224
80
374
446
66
389
365
379
736
943
314
970
273
173
4
226
180
62
555
243
698
534
987
357
575
60
182
106
699
13
843
33
245
634
942
912
429
998
103
298
539
186
249
778
285
644
186
614
958
554
502
698
985
125
456
904
143
181
163
185
104
481
677
464
767
277
575
616
196
427
202
771
937
779
567
518
449
300
597
563
736
393
700
573
546
40
718
217
202
296
802
178
827
952
530
286
272
963
766
257
986
294
201
421
55
674
5
500
952
232
701
495
389
849
793
857
805
189
266
265
440
909
778
783
804
705
0
248
367
766
76
972
208
979
863
560
299
704
332
803
848
178
895
526
632
429
344
156
283
484
972
320
868
389
497
451
222
497
706
369
425
528
748
823
950
520
629
251
645
972
562
220
61
25
148
192
502
19
301
616
852
977
745
430
785
156
55
624
16
241
156
536
338
944
232
295
568
308
906
721
368
426
289
614
710
867
216
84
861
432
908
965
793
403
746
823
761
614
492
56
136
692
263
762
24
292
519
490
816
703
298
50
658
109
441
88
393
508
866
165
378
689
490
843
889
770
301
625
980
43
730
731
23
466
169
804
396
754
837
164
904
826
348
522
304
448
45
488
953
59
113
58
483
23
140
507
373
237
644
27
412
35
208
580
768
171
876
984
126
712
482
429
521
269
856
687
793
36
76
286
832
187
811
828
959
998
410
433
199
644
972
802
240
348
34
892
597
806
756
519
854
16
257
839
123
311
981
765
427
442
251
837
34
603
891
881
146
608
421
142
980
236
345
56
155
709
989
352
630
31
484
446
965
620
998
301
457
633
469
731
308
9
616
214
330
77
66
616
79
749
420
528
857
21
196
212
429
513
404
595
831
486
978
124
985
502
543
913
127
935
727
550
440
607
905
697
195
565
131
276
26
772
589
547
940
90
112
19
909
1
998
842
632
818
137
786
512
438
610
176
440
627
230
677
344
213
967
295
923
772
695
860
41
444
200
938
346
624
601
692
232
281
256
436
869
727
701
655
460
353
450
208
981
284
832
13
554
781
775
250
225
696
730
967
235
433
910
937
998
562
570
84
548
769
21
960
810
258
879
4
121
337
343
603
200
360
691
911
498
524
77
1
511
510
820
540
430
387
658
114
836
445
409
293
437
68
722
454
731
156
774
841
645
706
189
338
635
457
82
143
561
788
995
560
871
689
341
339
855
471
429
690
50
254
513
351
373
849
616
430
279
611
98
135
913
897
329
95
248
186
121
932
752
738
607
458
91
820
119
908
880
19
411
530
271
374
200
604
166
919
937
328
968
580
931
992
147
416
77
632
564
813
932
851
69
250
466
606
143
715
365
371
29
905
432
531
438
815
288
422
548
868
596
774
68
998
557
710
46
526
334
736
566
79
562
725
809
223
717
400
310
460
518
335
651
514
678
676
281
520
352
474
80
842
820
688
392
206
740
569
417
763
743
612
89
259
526
919
241
30
640
222
404
997
808
27
545
609
868
593
448
584
675
776
949
344
597
884
601
304
278
3
654
547
825
826
425
715
570
723
172
273
204
674
588
444
444
497
590
322
337
12
777
346
28
370
829
822
644
316
561
342
731
725
966
610
519
682
545
374
910
378
147
900
209
833
527
193
917
677
649
346
632
726
857
691
199
82
414
139
745
5
605
180
74
991
745
342
142
624
974
410
87
117
761
517
230
127
961
316
539
595
874
144
785
888
784
901
684
477
897
836
967
276
318
553
407
680
462
213
224
585
768
612
702
8
229
705
322
543
47
389
370
737
848
907
234
666
589
125
783
85
518
835
901
38
442
889
138
495
941
878
426
319
554
602
9
47
254
302
246
347
819
506
4
637
880
185
741
878
91
309
804
241
40
844
53
803
5
510
590
269
127
787
206
388
1
972
19
487
532
633
519
517
294
515
418
247
23
574
855
876
937
91
550
968
569
396
703
295
505
522
994
238
722
527
462
484
236
267
473
670
608
938
515
827
499
293
535
894
303
43
646
888
51
658
124
87
104
138
646
448
708
697
726
550
324
592
997
960
429
991
846
617
74
40
8
763
74
565
951
926
207
703
493
984
742
918
927
628
53
34
531
138
234
87
554
989
766
837
734
858
49
703
632
371
516
874
350
667
21
322
321
851
715
700
31
582
519
933
476
547
828
166
101
492
380
12
655
638
709
821
579
908
515
720
915
976
24
358
536
533
962
697
525
784
582
947
318
184
757
637
488
942
854
24
68
939
231
246
235
400
385
5
159
928
47
605
844
604
858
818
600
851
510
221
426
281
34
503
430
494
951
217
902
326
363
342
169
420
127
63
858
352
872
102
424
162
871
455
978
428
292
246
877
255
346
376
929
217
839
916
957
868
637
438
938
916
649
310
79
537
88
463
809
919
757
680
806
274
508
437
417
291
368
707
446
703
541
537
237
101
220
607
178
871
305
191
172
159
449
205
705
394
665
691
695
370
995
842
269
699
66
337
19
230
128
53
298
554
278
100
406
404
900
205
355
523
237
622
410
890
763
127
84
551
856
632
466
584
73
64
706
827
519
703
690
434
311
35
756
388
908
244
989
565
212
448
806
338
141
728
395
73
757
234
554
508
180
676
341
960
767
418
197
413
994
216
656
655
276
974
761
154
797
370
410
84
766
857
213
913
127
988
439
479
537
745
885
354
70
18
41
238
740
134
760
580
626
187
644
401
808
580
263
885
296
279
380
809
623
632
836
875
453
16
571
689
288
353
1
613
502
209
750
885
16
550
150
824
337
228
562
226
56
865
664
741
364
59
156
385
902
666
31
940
793
566
922
669
656
151
716
922
899
473
5
372
585
741
862
42
919
970
377
155
629
518
706
314
426
833
176
129
469
823
381
624
221
883
337
20
214
837
587
256
808
405
460
488
187
442
288
502
833
646
745
7
996
668
229
370
433
280
280
605
415
100
701
576
939
278
309
510
280
459
471
805
913
596
218
483
311
744
782
469
563
401
708
892
615
124
139
337
832
786
989
957
889
704
752
961
186
406
730
193
653
393
573
569
379
406
219
748
890
676
994
476
327
366
169
646
932
884
111
523
101
864
809
341
92
200
399
905
26
263
753
110
670
405
554
22
935
144
28
880
331
120
621
195
220
465
955
953
916
950
561
451
494
73
707
368
763
103
379
452
650
151
74
265
175
516
400
83
17
75
849
190
60
237
903
611
669
648
583
745
841
884
173
226
720
490
161
912
574
605
827
852
186
814
124
909
855
363
169
121
571
999
126
601
254
789
605
428
858
663
285
385
732
967
558
402
872
110
391
479
426
95
213
992
197
425
576
629
338
903
308
3
421
218
617
539
130
544
537
795
675
136
993
467
109
372
29
582
755
371
788
358
133
288
373
925
700
146
404
582
838
242
701
868
901
787
844
21
559
306
665
334
264
270
272
932
342
253
827
358
167
797
613
990
450
217
911
311
838
151
243
895
49
753
619
502
449
986
159
700
900
868
916
418
656
524
730
332
272
188
352
405
378
129
279
310
153
935
675
184
452
138
269
435
359
614
864
213
531
545
442
85
254
524
882
218
269
51
269
494
301
904
362
690
113
543
373
201
25
3
676
308
939
313
198
765
920
614
950
221
177
421
702
196
208
655
513
307
31
567
432
331
160
553
882
810
30
459
497
715
941
242
523
563
675
506
352
842
274
748
391
739
816
412
272
22
965
358
459
986
656
695
365
254
687
507
967
908
974
783
684
3
710
391
127
200
406
507
847
788
227
377
805
189
70
126
32
556
55
579
669
384
95
792
403
903
778
221
192
805
320
143
973
862
874
884
187
79
259
168
952
909
428
664
618
260
703
186
902
307
17
787
772
869
13
416
728
799
484
21
419
583
546
263
389
238
939
871
162
164
224
347
682
725
745
868
183
247
808
216
634
94
202
601
849
279
507
292
401
104
388
658
916
916
708
344
901
794
490
488
235
595
695
651
331
516
747
818
917
309
697
696
734
351
424
865
389
280
223
204
991
541
814
275
284
29
638
954
378
759
606
26
82
11
763
556
803
217
84
766
926
561
923
867
829
222
284
460
492
761
30
567
823
762
589
339
785
679
435
719
170
173
271
541
815
663
611
481
826
191
894
515
271
355
353
799
499
789
753
100
301
580
249
270
521
237
204
428
871
80
190
187
340
667
210
219
852
426
262
6
455
936
933
759
751
845
482
650
298
1000
541
755
464
110
874
293
425
37
553
287
273
277
656
305
751
241
405
44
663
192
563
992
458
144
928
224
374
360
45
763
95
569
438
215
963
578
861
132
67
144
768
397
274
561
179
512
372
339
557
163
178
934
283
416
881
835
620
189
640
695
490
331
187
370
461
944
384
570
422
566
961
233
639
880
931
857
760
590
407
701
916
237
798
581
426
59
51
899
58
740
662
148
812
133
834
501
573
752
968
44
286
510
499
976
840
445
692
840
772
613
482
44
215
415
749
116
467
885
801
390
759
634
118
337
13
34
730
290
916
423
663
323
177
164
97
26
314
937
851
935
484
605
915
908
295
666
884
391
408
31
80
377
447
792
660
35
72
682
264
251
461
767
470
875
863
260
587
79
515
19
739
955
26
383
566
348
294
257
471
901
638
709
155
718
398
136
979
87
154
216
208
306
322
575
895
737
994
590
436
24
134
535
956
287
715
568
337
169
918
691
136
209
960
975
711
483
541
67
920
133
720
910
501
469
494
678
431
146
395
701
536
641
543
481
777
570
556
295
297
810
460
648
778
704
406
249
639
942
613
86
523
324
104
577
598
608
700
472
405
392
414
50
293
389
396
677
992
671
895
180
511
507
855
478
777
610
224
644
596
748
387
376
517
488
131
187
122
617
137
537
389
401
300
526
709
739
972
120
30
289
946
942
956
474
489
185
272
666
96
102
876
856
896
750
829
570
837
120
865
270
989
225
968
709
38
815
503
220
234
412
781
210
847
49
257
667
265
311
722
645
738
103
517
98
14
121
911
518
494
182
322
554
755
814
785
441
994
337
438
458
254
731
904
628
304
328
58
810
770
465
660
285
732
828
832
432
107
317
522
956
619
190
42
665
300
417
33
671
90
5
868
16
127
958
720
643
477
117
891
831
231
413
915
452
62
992
29
385
189
905
127
960
611
711
407
455
859
841
905
578
314
408
714
752
545
579
554
622
709
156
408
502
5
723
645
607
841
677
68
230
251
556
205
791
191
162
128
934
367
368
497
700
795
349
92
966
661
936
113
335
918
36
886
687
759
459
115
256
6
455
116
873
62
87
439
828
31
962
521
573
572
934
803
14
315
633
893
174
462
97
285
753
508
227
28
66
112
143
149
472
122
743
909
575
592
423
91
525
341
468
409
871
702
426
940
688
716
670
246
886
735
676
156
328
301
819
752
106
630
796
812
359
869
753
842
593
370
946
267
720
224
384
653
722
621
174
191
783
839
213
389
961
897
342
555
632
312
989
942
177
805
58
318
149
575
981
935
656
855
844
590
816
912
205
581
46
707
973
535
391
468
595
492
466
626
512
314
850
688
195
941
437
148
2
58
35
691
735
785
194
688
298
42
810
130
774
19
425
858
847
615
997
312
618
345
491
800
43
514
904
589
988
57
791
340
228
748
932
928
114
944
436
412
993
472
257
977
41
912
664
816
213
246
506
526
624
856
1
927
837
98
882
898
161
414
748
934
413
958
467
731
565
766
971
292
275
663
334
202
520
361
998
135
808
867
848
534
548
44
245
946
798
421
938
412
497
869
958
525
680
24
643
381
896
431
27
860
145
384
210
934
840
501
524
869
121
980
331
607
975
807
62
936
764
504
500
116
585
296
904
268
115
920
982
24
814
35
128
711
865
755
800
681
771
477
725
905
627
219
826
484
59
728
984
989
451
697
716
729
200
722
827
44
196
218
471
745
456
48
869
939
419
901
303
624
361
982
242
549
338
516
596
689
736
28
373
205
547
469
810
533
307
874
367
720
134
756
470
703
952
494
83
33
885
234
35
895
808
205
707
838
754
17
441
731
631
379
324
482
9
564
996
739
981
268
13
895
169
910
535
571
704
205
257
534
588
711
935
63
171
24
29
426
853
638
594
201
74
115
854
1
795
379
966
461
560
770
766
942
856
483
788
333
565
717
299
627
128
22
137
444
892
968
139
918
528
187
884
725
781
870
753
277
135
688
75
187
615
65
796
79
895
712
138
216
734
482
238
858
811
542
410
769
649
400
447
65
919
910
542
145
0
280
628
573
68
20
351
662
931
858
933
580
441
651
829
349
740
908
523
485
493
839
897
450
638
70
2
171
70
833
920
483
673
840
837
716
787
779
920
397
228
949
406
25
24
427
460
711
762
422
292
178
455
815
585
349
499
199
448
399
326
704
767
725
984
28
770
396
272
471
914
622
187
941
407
482
617
956
148
673
175
944
624
471
397
384
276
64
740
499
693
274
585
356
235
109
48
216
758
75
976
420
963
590
88
14
109
734
552
924
170
905
797
833
831
986
85
630
663
27
80
618
975
411
327
22
1
55
56
560
567
783
106
56
3
257
359
928
658
296
274
972
779
805
550
120
598
949
640
522
460
493
114
588
859
102
186
76
422
945
107
814
742
96
192
189
486
688
366
852
730
407
625
234
207
624
688
514
769
89
711
344
710
924
456
509
860
258
314
175
31
105
150
456
273
39
789
549
658
128
481
391
864
981
739
431
700
949
611
966
537
533
291
705
982
989
815
579
855
646
294
246
441
733
566
290
506
304
261
979
761
82
235
396
61
162
735
81
926
299
892
317
250
378
526
536
808
797
500
873
847
284
523
848
898
101
698
520
450
857
951
470
120
222
192
567
91
779
398
323
396
602
223
285
418
632
524
351
751
56
868
795
838
921
206
606
565
487
548
16
543
253
617
572
408
781
511
29
164
175
533
569
684
19
148
172
109
163
300
567
25
176
299
255
222
66
366
561
623
862
76
149
36
671
34
466
846
306
999
823
853
657
429
138
472
698
289
583
707
321
240
391
694
518
787
683
408
3
911
801
941
66
163
124
353
390
254
10
637
139
610
240
15
3
885
19
606
245
181
281
787
12
328
671
655
433
726
799
2
629
900
932
493
927
266
360
643
607
861
427
203
256
765
240
14
272
53
212
588
660
807
318
413
435
727
801
158
332
43
916
858
11
347
266
385
761
846
421
489
858
901
791
828
818
772
57
542
736
478
840
202
911
927
455
823
663
789
997
776
547
176
607
76
538
672
668
228
937
621
111
865
398
808
861
631
274
830
587
22
596
621
545
407
909
989
793
612
204
877
158
839
110
339
241
522
514
412
230
525
689
215
489
723
336
102
454
203
76
4
148
59
900
570
704
586
215
93
356
870
568
168
712
242
959
64
108
667
148
45
758
254
497
236
58
512
65
387
183
260
115
528
856
461
51
392
408
627
531
228
158
608
973
26
203
618
372
767
312
55
472
896
736
895
737
274
14
50
41
405
61
710
249
690
532
78
649
462
665
707
935
441
587
492
887
895
851
772
883
488
504
767
434
200
585
619
730
106
741
601
612
185
280
587
761
238
668
228
992
339
60
683
518
921
398
814
358
143
313
515
123
244
402
180
191
562
383
895
244
457
94
19
362
571
728
392
691
325
278
450
80
827
38
503
108
517
755
53
177
219
950
503
179
119
899
573
817
711
687
821
909
469
168
9
820
340
308
991
263
143
122
529
360
382
556
816
716
394
618
158
886
307
771
813
262
222
357
236
525
742
345
85
629
990
288
96
878
22
903
369
660
177
134
639
883
624
618
551
355
899
974
348
295
538
369
258
874
386
583
981
962
254
799
40
278
459
388
152
574
724
453
486
712
711
964
505
661
644
744
176
423
513
270
662
383
873
147
288
516
950
547
81
207
624
294
561
709
853
593
692
598
153
307
137
395
982
89
924
553
105
234
196
229
501
715
599
303
529
887
219
653
506
562
98
552
541
877
125
314
58
133
583
282
369
265
913
875
464
937
322
70
704
766
895
812
291
495
737
972
79
726
89
68
582
778
808
78
503
906
236
502
964
346
703
68
281
466
90
125
681
996
989
208
597
315
295
752
3
283
145
548
158
251
82
104
330
413
611
266
899
11
226
847
624
806
478
730
354
786
822
458
938
452
921
123
426
957
251
540
363
655
646
397
266
677
328
438
488
375
403
933
961
865
351
494
961
599
497
898
105
511
699
162
620
795
540
785
875
225
925
163
185
230
216
291
403
122
915
715
503
842
902
594
408
932
552
414
202
381
671
731
26
415
413
719
655
80
906
410
40
847
556
507
590
62
101
780
634
250
470
31
342
714
300
210
986
990
492
384
634
639
788
9
232
641
281
164
139
477
340
722
437
842
869
335
724
805
970
105
725
867
589
367
805
627
481
55
255
503
254
32
758
608
677
744
664
187
836
550
264
11
197
560
295
520
836
971
138
60
375
93
940
433
102
792
151
13
329
82
411
331
837
334
114
216
215
578
728
475
456
478
157
972
280
321
444
485
823
308
277
308
205
790
665
859
17
669
588
187
335
667
823
47
441
998
22
390
204
193
884
264
383
278
103
103
963
81
529
597
152
641
140
543
63
994
515
163
378
110
85
832
790
318
686
91
112
286
595
891
694
737
24
653
905
572
413
594
708
913
160
269
880
838
254
512
901
425
304
398
45
924
235
406
838
549
978
412
883
714
993
119
102
329
811
783
724
189
4
659
172
391
168
851
843
890
258
176
745
341
630
153
716
872
483
100
167
940
839
635
95
553
302
624
922
874
692
536
351
79
518
585
245
991
442
282
132
401
735
360
198
831
308
39
641
197
752
514
558
645
11
518
761
383
717
785
683
595
507
392
439
86
445
359
981
570
691
359
25
93
737
791
592
294
68
330
491
538
39
933
659
85
635
57
19
470
680
197
625
76
753
81
805
884
981
696
671
832
436
320
356
588
994
166
723
534
647
597
138
794
366
243
541
986
64
63
28
738
523
135
234
17
943
69
576
535
284
478
174
749
624
909
637
125
662
769
473
467
897
366
268
232
551
305
404
31
401
691
142
764
440
322
297
232
216
77
711
528
763
170
298
934
8
17
607
332
466
777
82
845
496
750
125
90
245
997
168
635
6
697
80
67
196
76
396
505
247
546
947
792
71
876
138
942
328
772
835
15
502
599
906
623
567
691
791
512
731
333
549
541
540
661
932
747
409
383
232
739
512
547
619
145
648
371
210
176
102
704
24
276
710
290
2
613
678
759
845
605
785
95
375
903
920
124
423
757
5
36
182
834
751
462
635
980
691
96
333
45
677
38
849
66
682
93
987
696
745
755
256
123
560
471
955
728
642
707
234
450
887
292
303
599
456
919
351
834
806
15
550
100
644
871
567
632
910
820
920
253
890
163
925
168
781
156
869
586
926
809
375
65
828
387
787
360
405
627
667
910
350
360
967
875
140
828
260
55
300
736
960
245
253
737
797
686
247
669
293
11
352
16
574
361
105
634
259
309
210
654
143
763
799
46
763
146
467
264
384
104
920
448
193
128
751
648
964
449
270
870
522
786
8
640
629
594
737
550
360
475
286
226
993
399
954
821
342
520
529
720
256
94
261
463
762
853
227
179
786
404
798
745
721
665
284
666
301
655
142
541
745
656
428
249
171
949
92
723
656
289
580
921
703
923
234
207
611
666
598
759
152
911
106
453
868
861
743
534
407
887
439
160
731
382
254
38
184
598
776
28
381
178
83
730
827
394
411
355
617
692
100
930
979
968
478
355
61
635
554
308
340
347
743
354
180
324
601
117
727
599
202
699
141
84
666
237
495
412
697
477
269
447
676
129
706
744
524
93
179
887
87
677
605
475
642
317
856
292
872
34
669
316
101
5
777
20
551
268
354
464
854
619
384
322
971
798
919
331
510
611
196
607
112
653
555
469
325
781
909
6
948
542
72
966
232
93
143
110
784
511
712
48
894
136
674
711
981
92
616
599
121
296
136
553
442
730
847
719
678
113
94
858
500
870
582
336
304
642
744
347
358
596
363
429
424
661
286
338
743
499
874
858
4
83
457
812
389
656
903
127
27
496
261
11
568
540
632
311
991
605
375
3
970
935
421
480
78
861
180
510
931
771
393
374
532
18
376
122
940
555
129
35
500
559
343
240
449
293
545
208
621
183
92
253
615
585
450
808
348
588
257
833
566
754
474
175
695
199
43
172
925
316
499
60
369
613
277
57
315
672
997
969
14
922
650
753
743
439
169
232
182
126
591
710
985
92
352
109
789
591
346
906
206
185
583
68
430
119
12
9
891
189
147
148
113
798
276
490
6
1000
968
560
1000
887
209
493
338
131
6
514
826
498
758
164
537
709
216
651
539
105
600
528
784
123
11
102
751
644
734
984
81
716
669
465
402
806
674
607
322
412
531
65
997
149
998
551
674
926
483
173
215
794
891
523
88
155
272
41
429
730
683
182
376
41
27
992
442
179
507
685
997
714
115
810
827
199
642
707
552
940
810
880
892
284
13
914
762
81
762
740
562
238
335
476
534
738
647
788
908
582
884
566
962
132
31
265
626
469
816
972
809
40
554
996
27
775
356
291
295
198
613
871
770
369
319
3
321
833
190
119
208
586
398
923
592
757
924
842
732
845
719
505
584
796
929
45
707
722
361
103
952
159
543
322
138
741
101
716
868
506
820
426
403
395
435
441
171
364
415
9
342
571
384
651
40
874
944
48
645
980
214
771
666
984
271
855
664
290
270
592
736
332
295
205
999
11
218
43
443
818
402
487
593
122
607
378
189
373
703
252
820
575
869
444
590
98
551
529
436
716
343
565
40
508
435
949
595
964
417
838
71
684
610
607
28
421
429
350
838
254
649
937
92
575
346
583
631
662
668
884
791
842
626
287
716
40
225
300
312
170
249
946
398
71
201
928
938
41
874
521
563
324
226
793
712
957
252
838
946
613
273
775
597
381
950
600
364
975
695
691
896
296
466
173
31
413
355
700
791
26
330
67
598
845
590
130
405
34
819
878
384
878
747
229
75
849
369
401
359
478
93
777
200
888
917
969
182
379
393
922
688
911
689
757
399
68
401
929
608
584
450
114
900
939
826
982
228
876
826
439
445
467
500
321
905
90
978
503
169
953
379
42
623
333
285
561
874
473
255
880
20
426
867
924
897
777
210
586
44
398
672
778
24
369
580
412
605
422
709
587
725
214
986
710
31
898
378
49
499
168
554
128
344
60
876
783
737
646
377
328
112
197
960
279
731
857
539
598
168
9
343
153
904
137
591
330
932
685
487
584
562
99
916
473
919
114
62
972
626
375
529
30
939
490
957
733
600
768
460
88
418
527
413
391
400
994
587
424
460
70
812
622
493
605
826
400
633
480
218
25
584
577
934
954
5
77
398
22
597
741
274
205
337
239
327
655
276
484
160
640
364
737
56
992
131
540
930
297
321
580
586
153
407
779
806
337
566
640
967
985
760
337
14
21
288
313
476
609
550
366
689
90
956
956
248
26
838
503
523
712
764
133
27
343
81
159
270
596
618
854
118
820
31
948
957
557
865
627
995
400
507
187
437
801
297
552
942
153
11
735
326
228
674
226
462
132
706
306
544
885
19
304
781
0
484
412
786
157
944
911
178
999
750
947
514
646
791
684
315
908
65
351
601
279
446
428
882
89
635
722
996
881
934
5
373
72
58
252
770
397
824
982
52
474
427
217
846
165
891
642
119
867
725
686
893
617
50
553
449
752
943
682
450
888
830
307
154
831
450
301
78
546
532
988
198
863
464
491
987
423
46
927
217
602
477
898
989
63
631
645
480
73
288
733
763
175
902
518
818
262
224
78
370
190
395
613
163
91
208
914
637
735
300
820
210
344
70
442
540
604
870
853
583
527
577
418
700
686
33
687
310
420
44
510
976
376
588
545
688
765
56
607
288
105
470
999
927
403
463
406
411
965
407
12
30
695
847
552
548
50
371
69
122
817
804
437
590
270
895
916
799
657
956
110
934
760
851
567
872
866
462
462
968
554
589
517
348
524
855
453
80
995
496
802
505
902
239
696
872
70
974
789
428
351
636
706
781
218
335
829
448
502
335
906
766
61
239
442
866
900
166
175
427
203
62
593
663
68
631
536
722
599
787
80
616
344
196
811
39
395
979
481
585
911
418
464
106
312
511
773
485
888
50
119
16
885
890
349
751
809
129
556
996
369
995
366
483
140
61
835
725
547
976
162
568
186
428
790
215
445
833
593
963
399
78
883
157
629
335
411
986
142
8
893
132
439
966
928
103
429
490
555
959
588
656
637
8
545
281
134
62
395
467
311
987
371
328
621
975
219
316
720
41
372
408
759
63
274
236
0
218
374
72
736
326
146
121
893
175
628
541
203
975
644
461
115
210
818
134
962
44
962
31
980
336
108
416
907
781
1000
462
495
855
535
817
609
233
554
82
395
376
451
58
960
167
365
617
150
482
949
669
64
614
191
168
892
191
425
975
23
790
231
373
78
266
671
630
728
60
76
369
289
18
704
429
958
337
947
283
232
206
754
9
188
62
472
160
368
127
483
506
428
628
557
43
243
92
124
2
73
576
791
482
287
199
253
383
207
104
340
378
37
117
72
346
279
849
83
116
265
390
303
140
441
2
762
264
240
971
731
375
849
537
452
509
997
731
523
553
739
269
632
680
675
640
910
380
281
554
109
449
315
398
397
221
307
933
979
677
750
205
115
670
549
170
402
195
280
970
913
645
646
684
982
887
218
188
123
326
109
964
797
934
333
205
6
894
475
316
644
198
755
429
681
75
987
900
172
201
10
365
805
301
148
322
342
716
291
552
187
469
318
70
844
856
395
36
714
566
818
456
271
505
277
903
47
687
996
264
980
922
628
872
142
248
786
831
610
724
155
357
96
10
813
876
991
172
57
705
701
587
484
1000
835
264
462
815
605
22
615
841
582
587
793
854
387
430
425
810
154
453
87
877
421
520
241
829
149
810
29
407
542
440
237
881
75
873
568
195
389
417
257
643
102
40
868
196
300
904
626
485
992
781
32
143
669
265
913
503
133
669
622
535
584
58
24
597
279
909
69
221
430
156
299
115
568
789
693
66
5
6
297
560
750
675
428
718
146
712
341
120
127
233
306
842
218
278
215
244
475
133
822
770
865
401
546
358
528
875
261
708
740
959
258
575
12
662
329
150
814
831
74
436
555
16
343
349
427
104
705
522
74
659
702
583
856
78
839
638
962
415
783
513
805
658
946
350
53
315
911
689
486
662
630
501
538
338
883
272
439
432
154
724
603
50
619
462
254
537
498
830
830
12
653
851
40
729
963
700
347
495
575
231
698
855
609
445
249
522
717
542
946
10
792
208
700
511
323
281
882
137
532
578
42
392
111
318
33
301
301
223
657
94
226
161
306
998
657
421
215
810
478
316
182
902
882
159
634
360
456
56
725
777
851
470
338
899
469
519
10
681
409
209
835
98
490
274
953
990
116
543
768
577
287
82
916
239
663
776
971
513
958
168
71
0
837
926
381
138
191
93
652
627
352
74
681
411
417
75
427
851
635
983
646
638
937
512
97
533
734
104
853
597
417
600
853
160
751
752
722
108
220
687
512
224
716
627
605
25
630
215
822
635
647
488
752
266
44
849
748
330
368
84
295
266
341
100
51
360
168
230
93
694
892
746
805
708
904
779
901
720
771
601
111
778
267
87
278
889
314
762
983
391
638
107
179
563
741
600
705
79
607
144
393
68
137
822
396
706
590
791
944
48
170
980
265
56
672
44
651
932
886
747
425
863
589
236
398
487
739
800
292
440
151
347
464
553
654
460
260
996
917
528
202
309
964
978
667
529
166
161
528
54
257
585
37
904
724
577
282
714
880
923
833
516
978
407
366
811
149
652
443
7
325
98
190
54
209
280
547
981
386
445
274
128
47
929
11
592
643
651
896
153
736
263
73
995
726
588
65
275
976
776
506
816
60
181
303
551
37
133
634
411
353
104
537
629
820
587
959
381
744
67
856
746
117
668
81
788
443
731
244
266
805
617
538
991
111
898
913
985
927
559
69
306
992
355
692
282
806
692
306
947
682
301
253
264
94
321
802
719
262
945
978
657
284
207
70
419
888
140
37
437
821
549
119
654
252
791
568
47
71
505
121
430
920
217
649
632
847
818
385
465
607
58
642
261
681
356
121
152
0
952
549
425
737
581
149
913
748
643
469
907
736
693
777
531
404
97
243
230
284
337
959
684
242
950
9
436
847
961
35
80
793
510
792
616
806
406
741
48
598
235
483
490
572
532
803
845
825
867
661
868
508
593
209
57
254
709
750
192
940
254
89
917
861
756
309
988
941
935
276
250
797
273
213
593
881
662
867
798
610
755
605
314
781
814
330
307
504
664
917
995
88
222
418
369
637
914
843
150
617
575
11
819
117
42
267
585
869
971
262
883
494
586
175
880
914
327
943
206
280
396
80
815
394
764
337
733
313
687
944
691
655
788
31
259
231
462
979
975
595
231
9
182
803
309
322
560
891
276
277
639
163
171
49
228
210
531
936
479
436
362
160
204
100
37
338
722
812
386
553
628
613
935
362
521
573
837
651
635
268
998
495
85
57
336
12
909
461
262
276
531
236
738
132
279
656
827
984
552
834
837
318
400
108
128
748
717
610
377
962
451
300
467
104
733
871
613
834
632
50
800
959
74
320
888
694
135
338
12
378
145
53
875
335
392
271
365
350
733
7
361
246
379
385
940
808
99
231
634
282
845
46
222
44
575
585
663
678
935
859
342
517
501
812
417
81
848
33
540
639
106
717
311
707
326
756
250
734
375
65
417
161
10
226
236
971
241
803
640
153
63
675
751
670
130
609
673
321
143
998
717
547
192
280
223
329
894
727
391
427
41
619
627
696
626
387
221
391
662
916
844
469
425
285
767
548
165
746
535
884
778
891
124
830
789
991
616
936
218
159
913
122
643
485
409
685
898
572
313
150
386
816
644
77
10
54
77
598
953
841
889
461
50
271
612
67
197
907
22
462
899
335
314
810
894
192
200
538
987
983
83
297
354
517
294
244
95
959
179
126
749
388
249
215
855
785
505
621
396
928
685
804
902
669
206
839
880
331
220
433
370
116
317
890
574
382
396
86
830
100
606
253
407
374
409
993
759
977
809
494
69
77
673
511
41
662
41
346
168
716
425
789
522
791
894
186
862
368
979
273
900
37
277
413
329
240
530
444
90
813
555
615
807
228
955
688
936
66
64
418
585
127
656
910
84
427
292
174
153
971
830
553
516
203
205
119
642
591
584
557
477
61
866
404
471
857
875
931
88
601
386
569
389
273
669
139
551
26
188
685
673
510
617
103
822
314
413
335
540
547
890
939
133
593
382
102
791
902
717
310
835
978
313
696
497
198
372
523
113
18
972
631
547
806
304
802
85
276
916
935
25
831
518
763
904
835
645
610
277
723
357
511
374
609
705
763
190
186
288
962
251
816
72
720
795
742
113
691
939
981
156
847
41
734
339
578
603
682
203
877
531
486
605
424
882
479
90
323
212
0
80
714
612
71
593
77
575
27
823
288
108
509
964
460
625
64
57
425
199
860
384
96
6
889
518
995
555
541
990
3
83
399
760
781
923
268
267
853
552
699
911
747
569
324
82
395
229
902
650
797
164
175
318
943
361
790
881
323
107
183
246
215
325
130
958
330
533
589
175
990
156
824
104
191
466
856
791
298
500
580
252
959
409
816
739
625
301
448
804
112
617
87
562
229
737
467
524
68
632
562
984
92
113
482
569
353
41
344
885
694
471
993
985
231
538
90
314
304
433
615
307
572
555
325
311
106
827
283
874
890
304
999
629
398
956
639
707
802
396
733
436
131
774
468
32
311
663
158
956
268
875
700
743
880
886
935
531
523
958
230
495
314
852
790
914
977
37
626
650
428
278
69
433
91
320
511
883
103
622
465
829
642
437
549
562
41
951
956
912
514
982
432
907
855
98
775
190
954
742
1
915
205
25
714
407
677
663
603
931
75
330
931
106
961
335
96
782
753
739
558
691
720
69
790
784
868
782
30
608
648
248
919
32
782
363
436
959
832
891
941
706
745
207
666
640
61
990
534
888
526
538
852
978
301
897
911
713
284
391
645
828
450
830
597
799
592
503
366
559
803
341
433
345
233
828
865
41
501
291
304
850
424
474
197
345
199
473
19
387
57
767
557
370
291
542
222
631
725
154
374
22
949
891
834
370
900
726
323
87
177
732
649
316
904
773
164
84
311
555
608
790
318
543
53
427
523
277
963
757
796
714
130
14
580
728
604
408
781
630
630
717
281
913
286
938
726
38
456
936
164
44
901
554
385
839
360
293
390
549
850
109
758
768
931
785
586
247
312
338
857
971
214
143
636
849
127
588
581
286
695
948
508
860
493
812
891
995
994
446
853
77
128
468
230
671
232
460
930
310
667
594
914
381
804
257
574
426
63
673
399
729
176
460
291
350
262
340
175
886
830
654
472
976
467
416
604
839
300
828
741
271
148
699
584
851
457
853
122
686
715
481
279
874
151
593
660
15
833
319
204
447
235
127
423
603
503
645
965
565
67
651
762
50
370
533
62
942
749
758
670
21
696
453
171
836
14
443
9
238
210
984
900
708
838
989
49
828
569
416
377
342
889
767
943
758
440
467
696
878
709
432
302
826
65
674
503
754
249
368
149
716
53
536
90
724
32
901
742
880
200
481
889
263
985
792
845
954
354
155
526
297
470
252
293
952
967
787
658
325
928
713
117
466
111
192
873
891
908
94
147
68
651
577
374
651
280
560
207
990
537
93
167
917
107
841
607
824
785
366
406
405
782
818
363
800
792
670
555
382
200
186
205
518
302
247
175
283
259
15
116
247
211
660
554
731
780
915
864
541
210
43
804
98
814
540
348
668
67
175
109
963
947
8
570
59
914
737
325
498
655
568
388
420
745
742
225
488
255
851
534
368
329
26
5
35
863
145
431
655
112
49
600
590
765
505
279
252
353
241
696
672
812
690
461
852
258
940
221
240
387
176
648
507
587
559
440
356
411
263
619
388
75
259
967
410
646
844
151
673
440
89
800
442
761
348
227
265
181
469
965
578
892
950
211
511
462
914
964
705
408
689
996
513
29
997
397
218
189
631
735
240
66
956
32
559
436
349
89
432
626
932
220
914
582
91
573
430
994
943
350
388
279
769
40
161
455
821
528
639
309
941
493
471
284
670
343
525
990
161
21
944
271
496
